113 377
113 376
112 376
111 376
110 376
109 376
108 376
107 376
106 376
105 376
105 375
104 375
103 375
102 375
101 375
100 375
100 374
99 374
98 374
97 374
96 374
96 373
95 373
94 373
93 373
92 373
92 372
91 372
90 372
89 372
89 371
88 371
87 371
86 371
86 370
85 370
84 370
83 370
83 369
82 369
81 369
81 368
80 368
79 368
78 368
78 367
77 367
76 367
76 366
75 366
74 366
74 365
73 365
72 365
72 364
71 364
70 364
70 363
69 363
69 362
68 362
67 362
67 361
66 361
65 361
65 360
64 360
64 359
63 359
62 359
62 358
61 358
61 357
60 357
60 356
59 356
58 356
58 355
57 355
57 354
56 354
56 353
55 353
54 353
54 352
53 352
53 351
52 351
52 350
51 350
51 349
50 349
50 348
49 348
49 347
48 347
48 346
47 346
47 345
46 345
46 344
45 344
45 343
44 343
44 342
44 341
43 341
43 340
42 340
42 339
41 339
41 338
41 337
40 337
40 336
39 336
39 335
39 334
38 334
38 333
37 333
37 332
37 331
36 331
36 330
36 329
35 329
35 328
35 327
34 327
34 326
34 325
33 325
33 324
33 323
33 322
32 322
32 321
32 320
32 319
31 319
31 318
31 317
31 316
31 315
30 315
30 314
30 313
30 312
30 311
30 310
30 309
29 309
29 308
29 307
29 306
29 305
29 304
29 303
29 302
29 301
29 300
29 299
30 299
30 298
30 297
30 296
30 295
31 295
31 294
31 293
32 293
32 292
32 291
33 291
33 290
34 290
34 289
35 289
35 288
36 288
36 287
37 287
37 286
38 286
39 286
39 285
40 285
41 285
42 285
42 284
43 284
44 284
45 284
46 284
47 284
48 284
49 284
50 284
51 284
51 285
52 285
53 285
54 285
54 286
55 286
56 286
56 287
57 287
57 288
58 288
58 289
59 289
59 290
60 290
60 291
61 291
61 292
61 293
62 293
62 294
62 295
63 295
63 296
63 297
64 297
64 298
64 299
65 299
65 300
65 301
65 302
66 302
66 303
66 304
67 304
67 305
67 306
67 307
68 307
68 308
68 309
69 309
69 310
69 311
70 311
70 312
70 313
71 313
71 314
71 315
72 315
72 316
73 316
73 317
73 318
74 318
74 319
75 319
75 320
76 320
76 321
77 321
77 322
77 323
78 323
78 324
79 324
79 325
80 325
80 326
81 326
81 327
82 327
82 328
83 328
83 329
84 329
85 329
85 330
86 330
86 331
87 331
87 332
88 332
89 332
89 333
90 333
90 334
91 334
92 334
92 335
93 335
94 335
94 336
95 336
96 336
96 337
97 337
98 337
98 338
99 338
100 338
101 338
101 339
102 339
103 339
104 339
104 340
105 340
106 340
107 340
107 341
108 341
109 341
110 341
111 341
111 342
112 342
113 342
114 342
115 342
116 342
117 342
117 343
118 343
119 343
120 343
121 343
122 343
123 343
124 343
125 343
126 343
127 343
128 343
129 343
130 343
131 343
132 343
133 343
134 343
135 343
136 343
137 343
138 343
138 342
139 342
140 342
141 342
142 342
143 342
144 342
144 341
145 341
146 341
147 341
148 341
149 341
149 340
150 340
151 340
152 340
152 339
153 339
154 339
155 339
155 338
156 338
157 338
158 338
158 337
159 337
160 337
160 336
161 336
162 336
162 335
163 335
164 335
164 334
165 334
165 333
166 333
167 333
167 332
168 332
168 331
169 331
170 331
170 330
171 330
171 329
172 329
172 328
173 328
174 328
174 327
175 327
175 326
176 326
176 325
177 325
177 324
178 324
178 323
179 323
179 322
179 321
180 321
180 320
181 320
181 319
182 319
182 318
182 317
183 317
183 316
184 316
184 315
184 314
185 314
185 313
185 312
186 312
186 311
186 310
187 310
187 309
187 308
188 308
188 307
188 306
188 305
189 305
189 304
189 303
189 302
190 302
190 301
190 300
190 299
190 298
190 297
191 297
191 296
191 295
191 294
191 293
191 292
191 291
191 290
191 289
191 288
191 287
191 286
192 286
192 285
191 285
191 284
191 283
191 282
191 281
191 280
191 279
191 278
191 277
191 276
191 275
191 274
190 274
190 273
190 272
190 271
190 270
190 269
189 269
189 268
189 267
189 266
188 266
188 265
188 264
188 263
187 263
187 262
187 261
186 261
186 260
186 259
185 259
185 258
185 257
184 257
184 256
184 255
183 255
183 254
183 253
182 253
182 252
181 252
181 251
180 251
180 250
180 249
179 249
179 248
178 248
178 247
177 247
177 246
176 246
176 245
175 245
175 244
174 244
174 243
173 243
173 242
172 242
172 241
171 241
171 240
170 240
170 239
169 239
168 239
168 238
167 238
167 237
166 237
165 237
165 236
164 236
164 235
163 235
162 235
162 234
161 234
160 234
160 233
159 233
158 233
158 232
157 232
156 232
156 231
155 231
154 231
154 230
153 230
152 230
151 230
151 229
150 229
149 229
148 229
147 229
147 228
146 228
145 228
144 228
143 228
143 227
142 227
141 227
140 227
139 227
138 227
137 227
136 227
135 227
135 226
134 226
133 226
132 226
131 226
130 226
129 226
128 226
127 226
126 226
125 226
124 226
123 226
122 226
121 226
120 226
119 226
118 226
117 226
116 226
115 226
114 226
113 226
112 226
111 226
110 226
109 226
108 226
107 226
106 226
105 226
104 226
103 226
102 226
101 226
100 226
99 226
98 226
97 226
96 226
95 226
94 226
93 226
93 225
92 225
91 225
90 225
90 224
89 224
88 224
88 223
87 223
86 223
86 222
85 222
85 221
84 221
84 220
83 220
83 219
83 218
82 218
82 217
82 216
81 216
81 215
81 214
81 213
80 213
80 212
80 211
80 210
80 209
80 208
80 207
80 206
80 205
81 205
81 204
81 203
81 202
82 202
82 201
82 200
83 200
83 199
84 199
84 198
84 197
85 197
85 196
86 196
87 196
87 195
88 195
88 194
89 194
90 194
90 193
91 193
92 193
92 192
93 192
94 192
95 192
96 192
97 192
98 192
99 192
100 192
101 192
102 192
103 192
104 192
105 192
106 192
107 192
108 192
109 192
110 192
111 192
112 192
113 192
114 192
115 192
116 192
117 192
118 192
119 192
120 192
121 192
122 192
123 192
124 192
125 192
126 192
127 192
128 192
129 192
130 192
131 192
131 191
132 191
133 191
134 191
135 191
136 191
137 191
138 191
139 191
140 191
141 191
142 191
143 191
144 191
145 191
145 190
146 190
147 190
148 190
149 190
150 190
151 190
151 189
152 189
153 189
154 189
155 189
155 188
156 188
157 188
158 188
158 187
159 187
160 187
161 187
161 186
162 186
163 186
164 186
164 185
165 185
166 185
166 184
167 184
168 184
168 183
169 183
170 183
170 182
171 182
172 182
172 181
173 181
174 181
174 180
175 180
175 179
176 179
177 179
177 178
178 178
178 177
179 177
180 177
180 176
181 176
181 175
182 175
182 174
183 174
183 173
184 173
184 172
185 172
185 171
186 171
186 170
187 170
187 169
188 169
188 168
189 168
189 167
190 167
190 166
191 166
191 165
192 165
192 164
192 163
193 163
193 162
194 162
194 161
194 160
195 160
195 159
195 158
196 158
196 157
196 156
197 156
197 155
197 154
198 154
198 153
198 152
199 152
199 151
199 150
199 149
200 149
200 148
200 147
200 146
201 146
201 145
201 144
201 143
201 142
202 142
202 141
202 140
202 139
202 138
202 137
202 136
203 136
203 135
203 134
203 133
203 132
203 131
203 130
203 129
203 128
203 127
203 126
203 125
203 124
203 123
203 122
203 121
203 120
203 119
202 119
202 118
202 117
202 116
202 115
202 114
202 113
201 113
201 112
201 111
201 110
201 109
200 109
200 108
200 107
200 106
200 105
199 105
199 104
199 103
198 103
198 102
198 101
198 100
197 100
197 99
197 98
196 98
196 97
196 96
195 96
195 95
194 95
194 94
194 93
193 93
193 92
192 92
192 91
192 90
191 90
191 89
190 89
190 88
189 88
189 87
188 87
188 86
187 86
187 85
186 85
186 84
185 84
185 83
184 83
184 82
183 82
183 81
182 81
182 80
181 80
181 79
180 79
180 78
179 78
178 78
178 77
177 77
177 76
176 76
175 76
175 75
174 75
173 75
173 74
172 74
172 73
171 73
170 73
170 72
169 72
168 72
168 71
167 71
166 71
165 71
165 70
164 70
163 70
163 69
162 69
161 69
160 69
160 68
159 68
158 68
157 68
157 67
156 67
155 67
154 67
153 67
153 66
152 66
151 66
150 66
149 66
148 66
148 65
147 65
146 65
145 65
144 65
143 65
142 65
141 65
140 65
139 65
139 64
138 64
137 64
136 64
135 64
134 64
133 64
132 64
131 64
130 64
129 64
128 64
127 64
126 64
125 64
124 64
123 64
122 64
121 64
121 65
120 65
119 65
118 65
117 65
116 65
115 65
114 65
113 65
113 66
112 66
111 66
110 66
109 66
108 66
108 67
107 67
106 67
105 67
104 67
104 68
103 68
102 68
101 68
100 68
100 69
99 69
98 69
97 69
97 70
96 70
95 70
95 71
94 71
93 71
92 71
92 72
91 72
90 72
90 73
89 73
88 73
88 74
87 74
86 74
86 75
85 75
84 75
84 76
83 76
83 77
82 77
81 77
81 78
80 78
80 79
79 79
79 80
78 80
77 80
77 81
76 81
76 82
75 82
75 83
74 83
74 84
73 84
73 85
72 85
72 86
71 86
71 87
70 87
70 88
69 88
69 89
68 89
68 90
67 90
67 91
66 91
66 92
65 92
65 93
64 93
64 94
64 95
63 95
63 96
62 96
62 97
62 98
61 98
61 99
60 99
60 100
60 101
59 101
59 102
59 103
58 103
58 104
58 105
57 105
57 106
57 107
56 107
56 108
56 109
55 109
55 110
55 111
54 111
54 112
53 112
53 113
53 114
52 114
52 115
51 115
51 116
51 117
50 117
50 118
49 118
49 119
48 119
48 120
47 120
46 120
46 121
45 121
44 121
44 122
43 122
42 122
41 122
40 122
40 123
39 123
38 123
37 123
36 123
36 122
35 122
34 122
33 122
32 122
31 122
31 121
30 121
29 121
29 120
28 120
28 119
27 119
26 119
26 118
25 118
25 117
25 116
24 116
24 115
23 115
23 114
23 113
22 113
22 112
22 111
22 110
21 110
21 109
21 108
21 107
21 106
21 105
21 104
21 103
21 102
21 101
21 100
21 99
21 98
22 98
22 97
22 96
22 95
22 94
22 93
23 93
23 92
23 91
23 90
24 90
24 89
24 88
24 87
25 87
25 86
25 85
26 85
26 84
26 83
26 82
27 82
27 81
28 81
28 80
28 79
29 79
29 78
29 77
30 77
30 76
31 76
31 75
31 74
32 74
32 73
33 73
33 72
33 71
34 71
34 70
35 70
35 69
36 69
36 68
37 68
37 67
37 66
38 66
38 65
39 65
39 64
40 64
40 63
41 63
41 62
42 62
42 61
43 61
43 60
44 60
44 59
45 59
46 59
46 58
47 58
47 57
48 57
48 56
49 56
49 55
50 55
51 55
51 54
52 54
52 53
53 53
53 52
54 52
55 52
55 51
56 51
56 50
57 50
58 50
58 49
59 49
59 48
60 48
61 48
61 47
62 47
63 47
63 46
64 46
65 46
65 45
66 45
66 44
67 44
68 44
68 43
69 43
70 43
70 42
71 42
72 42
72 41
73 41
74 41
75 41
75 40
76 40
77 40
77 39
78 39
79 39
79 38
80 38
81 38
82 38
82 37
83 37
84 37
85 37
85 36
86 36
87 36
88 36
88 35
89 35
90 35
91 35
92 35
92 34
93 34
94 34
95 34
96 34
96 33
97 33
98 33
99 33
100 33
101 33
101 32
102 32
103 32
104 32
105 32
106 32
106 31
107 31
108 31
109 31
110 31
111 31
112 31
113 31
114 31
115 31
115 30
116 30
117 30
118 30
119 30
120 30
121 30
122 30
123 30
124 30
125 30
126 30
127 30
128 30
129 30
130 30
131 30
132 30
133 30
134 30
135 30
136 30
137 30
138 30
139 30
140 30
141 30
142 30
142 31
143 31
144 31
145 31
146 31
147 31
148 31
149 31
150 31
151 31
152 31
152 32
153 32
154 32
155 32
156 32
157 32
158 32
158 33
159 33
160 33
161 33
162 33
163 33
163 34
164 34
165 34
166 34
167 34
167 35
168 35
169 35
170 35
170 36
171 36
172 36
173 36
174 36
174 37
175 37
176 37
177 37
177 38
178 38
179 38
179 39
180 39
181 39
182 39
182 40
183 40
184 40
184 41
185 41
186 41
186 42
187 42
188 42
189 42
189 43
190 43
191 43
191 44
192 44
192 45
193 45
194 45
194 46
195 46
196 46
196 47
197 47
198 47
198 48
199 48
199 49
200 49
201 49
201 50
202 50
202 51
203 51
204 51
204 52
205 52
205 53
206 53
207 53
207 54
208 54
208 55
209 55
209 56
210 56
210 57
211 57
212 57
212 58
213 58
213 59
214 59
214 60
215 60
215 61
216 61
216 62
217 62
217 63
218 63
218 64
219 64
219 65
220 65
220 66
221 66
221 67
221 68
222 68
222 69
223 69
223 70
224 70
224 71
225 71
225 72
225 73
226 73
226 74
227 74
227 75
227 76
228 76
228 77
229 77
229 78
229 79
230 79
230 80
231 80
231 81
231 82
232 82
232 83
232 84
233 84
233 85
233 86
234 86
234 87
234 88
235 88
235 89
235 90
236 90
236 91
236 92
236 93
237 93
237 94
237 95
238 95
238 96
238 97
238 98
238 99
239 99
239 100
239 101
239 102
240 102
240 103
240 104
240 105
240 106
241 106
241 107
241 108
241 109
241 110
241 111
241 112
242 112
242 113
242 114
242 115
242 116
242 117
242 118
242 119
242 120
242 121
242 122
242 123
242 124
242 125
243 125
243 126
243 127
243 128
243 129
242 129
242 130
242 131
242 132
242 133
242 134
242 135
242 136
242 137
242 138
242 139
242 140
241 140
241 141
241 142
241 143
241 144
241 145
240 145
240 146
240 147
240 148
240 149
239 149
239 150
239 151
239 152
239 153
238 153
238 154
238 155
238 156
237 156
237 157
237 158
236 158
236 159
236 160
235 160
235 161
235 162
235 163
234 163
234 164
234 165
233 165
233 166
233 167
232 167
232 168
231 168
231 169
231 170
230 170
230 171
230 172
229 172
229 173
228 173
228 174
228 175
227 175
227 176
226 176
226 177
225 177
225 178
225 179
224 179
224 180
223 180
223 181
222 181
222 182
221 182
221 183
220 183
220 184
219 184
219 185
218 185
218 186
217 186
217 187
216 187
216 188
215 188
215 189
214 189
214 190
213 190
213 191
212 191
212 192
211 192
211 193
210 193
210 194
209 194
208 194
208 195
207 195
207 196
206 196
205 196
205 197
204 197
204 198
203 198
202 198
202 199
201 199
201 200
200 200
199 200
199 201
198 201
197 201
197 202
196 202
195 202
195 203
194 203
193 203
193 204
192 204
191 204
191 205
190 205
189 205
188 205
188 206
187 206
186 206
185 206
185 207
184 207
183 207
182 207
182 208
181 208
180 208
179 208
178 208
178 209
177 209
176 209
175 209
174 209
173 209
172 209
172 210
171 210
170 210
170 211
170 212
171 212
172 212
172 213
173 213
174 213
175 213
176 213
176 214
177 214
178 214
179 214
179 215
180 215
181 215
182 215
182 216
183 216
184 216
184 217
185 217
186 217
186 218
187 218
188 218
188 219
189 219
190 219
190 220
191 220
192 220
192 221
193 221
193 222
194 222
195 222
195 223
196 223
196 224
197 224
198 224
198 225
199 225
199 226
200 226
200 227
201 227
201 228
202 228
202 229
203 229
204 229
204 230
205 230
205 231
206 231
206 232
207 232
207 233
208 233
208 234
209 234
209 235
210 235
210 236
210 237
211 237
211 238
212 238
212 239
213 239
213 240
214 240
214 241
214 242
215 242
215 243
216 243
216 244
217 244
217 245
217 246
218 246
218 247
218 248
219 248
219 249
220 249
220 250
220 251
221 251
221 252
221 253
222 253
222 254
222 255
223 255
223 256
223 257
224 257
224 258
224 259
225 259
225 260
225 261
226 261
226 262
226 263
226 264
227 264
227 265
227 266
227 267
228 267
228 268
228 269
228 270
228 271
229 271
229 272
229 273
229 274
229 275
230 275
230 276
230 277
230 278
230 279
230 280
230 281
231 281
231 282
231 283
231 284
231 285
231 286
231 287
231 288
231 289
231 290
231 291
231 292
231 293
231 294
231 295
231 296
231 297
231 298
231 299
231 300
230 300
230 301
230 302
230 303
230 304
230 305
230 306
230 307
229 307
229 308
229 309
229 310
229 311
229 312
228 312
228 313
228 314
228 315
227 315
227 316
227 317
227 318
226 318
226 319
226 320
226 321
225 321
225 322
225 323
224 323
224 324
224 325
224 326
223 326
223 327
223 328
222 328
222 329
221 329
221 330
221 331
220 331
220 332
220 333
219 333
219 334
218 334
218 335
218 336
217 336
217 337
216 337
216 338
216 339
215 339
215 340
214 340
214 341
213 341
213 342
213 343
212 343
212 344
211 344
211 345
210 345
210 346
209 346
209 347
208 347
208 348
207 348
207 349
206 349
206 350
205 350
205 351
204 351
204 352
203 352
203 353
202 353
202 354
201 354
200 354
200 355
199 355
199 356
198 356
198 357
197 357
196 357
196 358
195 358
195 359
194 359
193 359
193 360
192 360
192 361
191 361
190 361
190 362
189 362
189 363
188 363
187 363
187 364
186 364
185 364
185 365
184 365
183 365
183 366
182 366
181 366
181 367
180 367
179 367
179 368
178 368
177 368
176 368
176 369
175 369
174 369
174 370
173 370
172 370
171 370
171 371
170 371
169 371
168 371
168 372
167 372
166 372
165 372
165 373
164 373
163 373
162 373
161 373
161 374
160 374
159 374
158 374
157 374
157 375
156 375
155 375
154 375
153 375
152 375
151 375
151 376
150 376
149 376
148 376
147 376
146 376
145 376
144 376
144 377
143 377
142 377
141 377
140 377
139 377
138 377
137 377
136 377
135 377
134 377
133 377
132 377
131 377
130 377
129 377
128 377
127 377
126 377
125 377
124 377
123 377
122 377
121 377
120 377
119 377
118 377
117 377
116 377
115 377
114 377
