715 717
723.699 718.76
732.297 720.789
740.793 723.088
749.188 725.656
757.48 728.494
765.672 731.602
773.762 734.979
781.75 738.625
789.637 742.541
797.422 746.727
805.105 751.182
812.688 755.906
820.168 760.9
827.547 766.164
834.824 771.697
842 777.5
849.035 783.521
855.891 789.711
862.566 796.068
869.062 802.594
875.379 809.287
881.516 816.148
887.473 823.178
893.25 830.375
898.848 837.74
904.266 845.273
909.504 852.975
914.562 860.844
919.441 868.881
924.141 877.086
928.66 885.459
933 894
937.117 902.648
940.969 911.344
944.555 920.086
947.875 928.875
950.93 937.711
953.719 946.594
956.242 955.523
958.5 964.5
960.492 973.523
962.219 982.594
963.68 991.711
964.875 1000.88
965.805 1010.09
966.469 1019.34
966.867 1028.65
967 1038
966.789 1050.91
966.156 1063.63
965.102 1076.17
963.625 1088.53
961.727 1100.71
959.406 1112.7
956.664 1124.5
953.5 1136.12
949.914 1147.56
945.906 1158.82
941.477 1169.89
936.625 1180.78
931.352 1191.49
925.656 1202.01
919.539 1212.35
913 1222.5
906.09 1232.43
898.859 1242.08
891.309 1251.46
883.438 1260.56
875.246 1269.39
866.734 1277.95
857.902 1286.24
848.75 1294.25
839.277 1301.99
829.484 1309.45
819.371 1316.64
808.938 1323.56
798.184 1330.21
787.109 1336.58
775.715 1342.68
764 1348.5
752.016 1354.01
739.812 1359.16
727.391 1363.96
714.75 1368.41
701.891 1372.49
688.812 1376.23
675.516 1379.6
662 1382.62
648.266 1385.29
634.312 1387.6
620.141 1389.56
605.75 1391.16
591.141 1392.4
576.312 1393.29
561.266 1393.82
546 1394
530.99 1393.83
516.211 1393.31
501.662 1392.45
487.344 1391.25
473.256 1389.7
459.398 1387.81
445.771 1385.58
432.375 1383
419.209 1380.08
406.273 1376.81
393.568 1373.2
381.094 1369.25
368.85 1364.95
356.836 1360.31
345.053 1355.33
333.5 1350
322.221 1344.4
311.258 1338.6
300.611 1332.6
290.281 1326.41
280.268 1320.01
270.57 1313.41
261.189 1306.62
252.125 1299.62
243.377 1292.43
234.945 1285.04
226.83 1277.45
219.031 1269.66
211.549 1261.67
204.383 1253.48
197.533 1245.09
191 1236.5
184.824 1227.78
179.047 1219.01
173.668 1210.17
168.688 1201.28
164.105 1192.33
159.922 1183.32
156.137 1174.25
152.75 1165.12
149.762 1155.94
147.172 1146.7
144.98 1137.39
143.188 1128.03
141.793 1118.61
140.797 1109.13
140.199 1099.6
140 1090
140.305 1081.23
141.219 1072.91
142.742 1065.04
144.875 1057.62
147.617 1050.66
150.969 1044.16
154.93 1038.1
159.5 1032.5
164.555 1027.46
169.969 1023.09
175.742 1019.4
181.875 1016.38
188.367 1014.02
195.219 1012.34
202.43 1011.34
210 1011
217.086 1011.27
223.844 1012.09
230.273 1013.46
236.375 1015.38
242.148 1017.84
247.594 1020.84
252.711 1024.4
257.5 1028.5
262.055 1033.26
266.469 1038.78
270.742 1045.07
274.875 1052.12
278.867 1059.95
282.719 1068.53
286.43 1077.88
290 1088
292.441 1094.56
295.016 1101
297.723 1107.31
300.562 1113.5
303.535 1119.56
306.641 1125.5
309.879 1131.31
313.25 1137
316.754 1142.56
320.391 1148
324.16 1153.31
328.062 1158.5
332.098 1163.56
336.266 1168.5
340.566 1173.31
345 1178
349.555 1182.56
354.219 1186.98
358.992 1191.26
363.875 1195.41
368.867 1199.42
373.969 1203.29
379.18 1207.03
384.5 1210.62
389.93 1214.09
395.469 1217.41
401.117 1220.6
406.875 1223.66
412.742 1226.57
418.719 1229.35
424.805 1231.99
431 1234.5
437.293 1236.86
443.672 1239.07
450.137 1241.13
456.688 1243.03
463.324 1244.78
470.047 1246.38
476.855 1247.83
483.75 1249.12
490.73 1250.27
497.797 1251.26
504.949 1252.1
512.188 1252.78
519.512 1253.31
526.922 1253.7
534.418 1253.92
542 1254
556.572 1253.75
570.789 1252.98
584.65 1251.71
598.156 1249.94
611.307 1247.65
624.102 1244.86
636.541 1241.56
648.625 1237.75
660.354 1233.43
671.727 1228.61
682.744 1223.28
693.406 1217.44
703.713 1211.09
713.664 1204.23
723.26 1196.87
732.5 1189
741.279 1180.71
749.492 1172.11
757.139 1163.18
764.219 1153.94
770.732 1144.37
776.68 1134.48
782.061 1124.28
786.875 1113.75
791.123 1102.9
794.805 1091.73
797.92 1080.25
800.469 1068.44
802.451 1056.31
803.867 1043.86
804.717 1031.09
805 1018
804.715 1004.9
803.859 992.086
802.434 979.568
800.438 967.344
797.871 955.412
794.734 943.773
791.027 932.428
786.75 921.375
781.902 910.615
776.484 900.148
770.496 889.975
763.938 880.094
756.809 870.506
749.109 861.211
740.84 852.209
732 843.5
722.719 835.205
713.125 827.445
703.219 820.221
693 813.531
682.469 807.377
671.625 801.758
660.469 796.674
649 792.125
637.219 788.111
625.125 784.633
612.719 781.689
600 779.281
586.969 777.408
573.625 776.07
559.969 775.268
546 775
424 775
415.703 774.695
407.812 773.781
400.328 772.258
393.25 770.125
386.578 767.383
380.312 764.031
374.453 760.07
369 755.5
364.078 750.445
359.812 745.031
356.203 739.258
353.25 733.125
350.953 726.633
349.312 719.781
348.328 712.57
348 705
348.344 697.414
349.375 690.156
351.094 683.227
353.5 676.625
356.594 670.352
360.375 664.406
364.844 658.789
370 653.5
375.656 648.695
381.625 644.531
387.906 641.008
394.5 638.125
401.406 635.883
408.625 634.281
416.156 633.32
424 633
554 633
562.324 632.929
570.547 632.717
578.668 632.363
586.688 631.867
594.605 631.23
602.422 630.451
610.137 629.531
617.75 628.469
625.262 627.265
632.672 625.92
639.98 624.433
647.188 622.805
654.293 621.035
661.297 619.123
668.199 617.07
675 614.875
681.699 612.539
688.297 610.061
694.793 607.441
701.188 604.68
707.48 601.777
713.672 598.732
719.762 595.546
725.75 592.219
731.637 588.75
737.422 585.139
743.105 581.386
748.688 577.492
754.168 573.457
759.547 569.279
764.824 564.96
770 560.5
775.045 555.924
779.93 551.26
784.654 546.506
789.219 541.664
793.623 536.733
797.867 531.713
801.951 526.604
805.875 521.406
809.639 516.12
813.242 510.744
816.686 505.28
819.969 499.727
823.092 494.084
826.055 488.354
828.857 482.534
831.5 476.625
833.982 470.627
836.305 464.541
838.467 458.366
840.469 452.102
842.311 445.749
843.992 439.307
845.514 432.776
846.875 426.156
848.076 419.448
849.117 412.65
849.998 405.764
850.719 398.789
851.279 391.725
851.68 384.572
851.92 377.331
852 370
851.855 360.207
851.422 350.578
850.699 341.113
849.688 331.812
848.387 322.676
846.797 313.703
844.918 304.895
842.75 296.25
840.293 287.77
837.547 279.453
834.512 271.301
831.188 263.312
827.574 255.488
823.672 247.828
819.48 240.332
815 233
810.258 225.852
805.281 218.906
800.07 212.164
794.625 205.625
788.945 199.289
783.031 193.156
776.883 187.227
770.5 181.5
763.883 175.977
757.031 170.656
749.945 165.539
742.625 160.625
735.07 155.914
727.281 151.406
719.258 147.102
711 143
702.527 139.125
693.859 135.5
684.996 132.125
675.938 129
666.684 126.125
657.234 123.5
647.59 121.125
637.75 119
627.715 117.125
617.484 115.5
607.059 114.125
596.438 113
585.621 112.125
574.609 111.5
563.402 111.125
552 111
543.297 111.078
534.688 111.312
526.172 111.703
517.75 112.25
509.422 112.953
501.188 113.812
493.047 114.828
485 116
477.047 117.328
469.188 118.812
461.422 120.453
453.75 122.25
446.172 124.203
438.688 126.312
431.297 128.578
424 131
416.809 133.572
409.734 136.289
402.777 139.15
395.938 142.156
389.215 145.307
382.609 148.602
376.121 152.041
369.75 155.625
363.496 159.354
357.359 163.227
351.34 167.244
345.438 171.406
339.652 175.713
333.984 180.164
328.434 184.76
323 189.5
317.691 194.373
312.516 199.367
307.473 204.482
302.562 209.719
297.785 215.076
293.141 220.555
288.629 226.154
284.25 231.875
280.004 237.717
275.891 243.68
271.91 249.764
268.062 255.969
264.348 262.295
260.766 268.742
257.316 275.311
254 282
249.516 291.148
245.062 299.594
240.641 307.336
236.25 314.375
231.891 320.711
227.562 326.344
223.266 331.273
219 335.5
214.609 339.133
209.938 342.281
204.984 344.945
199.75 347.125
194.234 348.82
188.438 350.031
182.359 350.758
176 351
168.43 350.688
161.219 349.75
154.367 348.188
147.875 346
141.742 343.188
135.969 339.75
130.555 335.688
125.5 331
120.93 325.812
116.969 320.25
113.617 314.312
110.875 308
108.742 301.312
107.219 294.25
106.305 286.812
106 279
106.225 269.641
106.898 260.312
108.021 251.016
109.594 241.75
111.615 232.516
114.086 223.312
117.006 214.141
120.375 205
124.193 195.891
128.461 186.812
133.178 177.766
138.344 168.75
143.959 159.766
150.023 150.812
156.537 141.891
163.5 133
170.854 124.225
178.539 115.648
186.557 107.271
194.906 99.0938
203.588 91.1152
212.602 83.3359
221.947 75.7559
231.625 68.375
241.635 61.1934
251.977 54.2109
262.65 47.4277
273.656 40.8438
284.994 34.459
296.664 28.2734
308.666 22.2871
321 16.5
333.605 10.9902
346.422 5.83594
359.449 1.03711
372.688 -3.40625
386.137 -7.49414
399.797 -11.2266
413.668 -14.6035
427.75 -17.625
442.043 -20.291
456.547 -22.6016
471.262 -24.5566
486.188 -26.1562
501.324 -27.4004
516.672 -28.2891
532.23 -28.8223
548 -29
565.121 -28.8027
581.984 -28.2109
598.59 -27.2246
614.938 -25.8438
631.027 -24.0684
646.859 -21.8984
662.434 -19.334
677.75 -16.375
692.809 -13.0215
707.609 -9.27344
722.152 -5.13086
736.438 -0.59375
750.465 4.33789
764.234 9.66406
777.746 15.3848
791 21.5
803.945 27.9648
816.531 34.7344
828.758 41.8086
840.625 49.1875
852.133 56.8711
863.281 64.8594
874.07 73.1523
884.5 81.75
894.57 90.6523
904.281 99.8594
913.633 109.371
922.625 119.188
931.258 129.309
939.531 139.734
947.445 150.465
955 161.5
962.145 172.795
968.828 184.305
975.051 196.029
980.812 207.969
986.113 220.123
990.953 232.492
995.332 245.076
999.25 257.875
1002.71 270.889
1005.7 284.117
1008.24 297.561
1010.31 311.219
1011.93 325.092
1013.08 339.18
1013.77 353.482
1014 368
1013.85 378.701
1013.38 389.305
1012.61 399.811
1011.53 410.219
1010.14 420.529
1008.45 430.742
1006.44 440.857
1004.12 450.875
1001.5 460.795
998.57 470.617
995.33 480.342
991.781 489.969
987.924 499.498
983.758 508.93
979.283 518.264
974.5 527.5
969.453 536.59
964.188 545.484
958.703 554.184
953 562.688
947.078 570.996
940.938 579.109
934.578 587.027
928 594.75
921.203 602.277
914.188 609.609
906.953 616.746
899.5 623.688
891.828 630.434
883.938 636.984
875.828 643.34
867.5 649.5
858.994 655.412
850.352 661.023
841.572 666.334
832.656 671.344
823.604 676.053
814.414 680.461
805.088 684.568
795.625 688.375
786.025 691.881
776.289 695.086
766.416 697.99
756.406 700.594
746.26 702.896
735.977 704.898
725.557 706.6
715 708
