407.457 56.4199
416.841 51.1479
426.328 46.0547
435.919 41.1401
445.613 36.4043
455.411 31.8472
465.312 27.4688
475.317 23.269
485.426 19.248
495.638 15.4058
505.953 11.7422
516.372 8.25732
526.895 4.95117
537.521 1.82373
548.25 -1.125
559.083 -3.89502
570.02 -6.48633
581.06 -8.89893
592.203 -11.1328
603.45 -13.188
614.801 -15.0645
626.255 -16.7622
637.812 -18.2812
649.474 -19.6216
661.238 -20.7832
673.106 -21.7661
685.078 -22.5703
697.153 -23.1958
709.332 -23.6426
721.614 -23.9106
734 -24
750.398 -23.8633
766.594 -23.4531
782.586 -22.7695
798.375 -21.8125
813.961 -20.582
829.344 -19.0781
844.523 -17.3008
859.5 -15.25
874.273 -12.9258
888.844 -10.3281
903.211 -7.45703
917.375 -4.3125
931.336 -0.894531
945.094 2.79688
958.648 6.76172
972 11
985.141 15.5
998.062 20.25
1010.77 25.25
1023.25 30.5
1035.52 36
1047.56 41.75
1059.39 47.75
1071 54
1082.39 60.5
1093.56 67.25
1104.52 74.25
1115.25 81.5
1125.77 89
1136.06 96.75
1146.14 104.75
1156 113
1165.63 121.484
1175.02 130.188
1184.16 139.109
1193.06 148.25
1201.72 157.609
1210.14 167.188
1218.32 176.984
1226.25 187
1233.94 197.234
1241.39 207.688
1248.6 218.359
1255.56 229.25
1262.29 240.359
1268.77 251.688
1275 263.234
1281 275
1286.62 286.906
1291.5 298.625
1295.62 310.156
1299 321.5
1301.62 332.656
1303.5 343.625
1304.62 354.406
1305 365
1304.64 373.562
1303.56 381.75
1301.77 389.562
1299.25 397
1296.02 404.062
1292.06 410.75
1287.39 417.062
1282 423
1276.05 428.391
1269.69 433.062
1262.92 437.016
1255.75 440.25
1248.17 442.766
1240.19 444.562
1231.8 445.641
1223 446
1215.66 445.766
1208.62 445.062
1201.91 443.891
1195.5 442.25
1189.41 440.141
1183.62 437.562
1178.16 434.516
1173 431
1168.09 426.969
1163.38 422.375
1158.84 417.219
1154.5 411.5
1150.34 405.219
1146.38 398.375
1142.59 390.969
1139 383
1134.65 372.982
1130.11 363.18
1125.37 353.592
1120.44 344.219
1115.31 335.061
1109.98 326.117
1104.46 317.389
1098.75 308.875
1092.84 300.576
1086.73 292.492
1080.43 284.623
1073.94 276.969
1067.25 269.529
1060.36 262.305
1053.28 255.295
1046 248.5
1038.55 241.918
1030.94 235.547
1023.17 229.387
1015.25 223.438
1007.17 217.699
998.938 212.172
990.547 206.855
982 201.75
973.297 196.855
964.438 192.172
955.422 187.699
946.25 183.438
936.922 179.387
927.438 175.547
917.797 171.918
908 168.5
898.066 165.291
888.016 162.289
877.848 159.494
867.562 156.906
857.16 154.525
846.641 152.352
836.004 150.385
825.25 148.625
814.379 147.072
803.391 145.727
792.285 144.588
781.062 143.656
769.723 142.932
758.266 142.414
746.691 142.104
735 142
726.161 142.07
717.395 142.279
708.7 142.628
700.078 143.117
691.528 143.746
683.051 144.514
674.646 145.421
666.312 146.469
658.052 147.656
649.863 148.982
641.747 150.449
633.703 152.055
625.731 153.8
617.832 155.686
610.005 157.71
602.25 159.875
594.567 162.179
586.957 164.623
579.419 167.207
571.953 169.93
564.56 172.792
557.238 175.795
549.989 178.937
542.812 182.219
535.708 185.64
528.676 189.201
521.716 192.902
514.828 196.742
508.013 200.722
501.27 204.842
494.599 209.101
488 213.5
481.484 218.026
475.062 222.666
468.734 227.42
462.5 232.289
456.359 237.272
450.312 242.369
444.359 247.581
438.5 252.906
432.734 258.346
427.062 263.9
421.484 269.569
416 275.352
410.609 281.249
405.312 287.26
400.109 293.385
395 299.625
389.984 305.979
385.062 312.447
380.234 319.03
375.5 325.727
370.859 332.538
366.312 339.463
361.859 346.502
357.5 353.656
353.234 360.924
349.062 368.307
344.984 375.803
341 383.414
337.109 391.139
333.312 398.979
329.609 406.932
326 415
322.493 423.171
319.098 431.434
315.813 439.788
312.641 448.234
309.579 456.772
306.629 465.402
303.79 474.124
301.062 482.938
298.446 491.843
295.941 500.84
293.548 509.929
291.266 519.109
289.095 528.382
287.035 537.746
285.087 547.202
283.25 556.75
281.524 566.39
279.91 576.121
278.407 585.944
277.016 595.859
275.735 605.866
274.566 615.965
273.509 626.155
272.562 636.438
271.728 646.812
271.004 657.277
270.392 667.835
269.891 678.484
269.501 689.226
269.223 700.059
269.056 710.983
269 722
269.056 732.955
269.225 743.82
269.505 754.596
269.898 765.281
270.404 775.877
271.021 786.383
271.751 796.799
272.594 807.125
273.548 817.361
274.615 827.508
275.794 837.564
277.086 847.531
278.49 857.408
280.006 867.195
281.634 876.893
283.375 886.5
285.228 896.018
287.193 905.445
289.271 914.783
291.461 924.031
293.763 933.189
296.178 942.258
298.705 951.236
301.344 960.125
304.095 968.924
306.959 977.633
309.935 986.252
313.023 994.781
316.224 1003.22
319.537 1011.57
322.962 1019.83
326.5 1028
330.14 1036.07
333.871 1044.02
337.694 1051.86
341.609 1059.59
345.616 1067.2
349.715 1074.69
353.905 1082.08
358.188 1089.34
362.562 1096.5
367.027 1103.54
371.585 1110.46
376.234 1117.27
380.976 1123.97
385.809 1130.55
390.733 1137.02
395.75 1143.38
400.858 1149.61
406.059 1155.74
411.351 1161.75
416.734 1167.65
422.21 1173.43
427.777 1179.1
433.437 1184.65
439.188 1190.09
445.03 1195.42
450.965 1200.63
456.991 1205.73
463.109 1210.71
469.319 1215.58
475.621 1220.33
482.015 1224.97
488.5 1229.5
495.067 1233.9
501.705 1238.16
508.415 1242.28
515.195 1246.26
522.047 1250.1
528.971 1253.8
535.965 1257.36
543.031 1260.78
550.168 1264.06
557.377 1267.21
564.657 1270.21
572.008 1273.07
579.43 1275.79
586.924 1278.38
594.489 1280.82
602.125 1283.12
609.833 1285.29
617.611 1287.31
625.461 1289.2
633.383 1290.95
641.375 1292.55
649.439 1294.02
657.575 1295.34
665.781 1296.53
674.059 1297.58
682.408 1298.49
690.829 1299.25
699.32 1299.88
707.883 1300.37
716.518 1300.72
725.223 1300.93
734 1301
745.084 1300.88
756.086 1300.53
767.006 1299.95
777.844 1299.12
788.6 1298.07
799.273 1296.78
809.865 1295.26
820.375 1293.5
830.803 1291.51
841.148 1289.28
851.412 1286.82
861.594 1284.12
871.693 1281.2
881.711 1278.03
891.646 1274.63
901.5 1271
911.242 1267.14
920.844 1263.05
930.305 1258.75
939.625 1254.22
948.805 1249.47
957.844 1244.49
966.742 1239.29
975.5 1233.88
984.117 1228.23
992.594 1222.37
1000.93 1216.28
1009.12 1209.97
1017.18 1203.44
1025.09 1196.68
1032.87 1189.7
1040.5 1182.5
1047.96 1175.08
1055.21 1167.46
1062.26 1159.63
1069.09 1151.59
1075.72 1143.35
1082.15 1134.9
1088.37 1126.24
1094.38 1117.38
1100.18 1108.3
1105.77 1099.02
1111.16 1089.54
1116.34 1079.84
1121.32 1069.94
1126.09 1059.84
1130.65 1049.52
1135 1039
1138.88 1029.8
1143.03 1021.22
1147.45 1013.24
1152.12 1005.88
1157.07 999.117
1162.28 992.969
1167.76 987.43
1173.5 982.5
1179.52 978.164
1185.84 974.406
1192.46 971.227
1199.38 968.625
1206.59 966.602
1214.09 965.156
1221.9 964.289
1230 964
1239.02 964.352
1247.56 965.406
1255.64 967.164
1263.25 969.625
1270.39 972.789
1277.06 976.656
1283.27 981.227
1289 986.5
1294.16 992.352
1298.62 998.656
1302.41 1005.41
1305.5 1012.62
1307.91 1020.29
1309.62 1028.41
1310.66 1036.98
1311 1046
1310.77 1054.55
1310.06 1063.19
1308.89 1071.92
1307.25 1080.75
1305.14 1089.67
1302.56 1098.69
1299.52 1107.8
1296 1117
1290.59 1130.38
1284.87 1143.54
1278.83 1156.46
1272.47 1169.16
1265.79 1181.62
1258.8 1193.85
1251.5 1205.85
1243.88 1217.62
1235.94 1229.17
1227.68 1240.48
1219.11 1251.56
1210.22 1262.41
1201.01 1273.03
1191.49 1283.41
1181.65 1293.57
1171.5 1303.5
1161.07 1313.17
1150.42 1322.56
1139.54 1331.67
1128.44 1340.5
1117.11 1349.05
1105.55 1357.31
1093.76 1365.3
1081.75 1373
1069.51 1380.42
1057.05 1387.56
1044.36 1394.42
1031.44 1401
1018.29 1407.3
1004.92 1413.31
991.324 1419.05
977.5 1424.5
963.482 1429.65
949.305 1434.46
934.967 1438.94
920.469 1443.09
905.811 1446.91
890.992 1450.4
876.014 1453.55
860.875 1456.38
845.576 1458.87
830.117 1461.02
814.498 1462.85
798.719 1464.34
782.779 1465.51
766.68 1466.34
750.42 1466.83
734 1467
721.737 1466.91
709.572 1466.64
697.506 1466.19
685.539 1465.56
673.67 1464.75
661.9 1463.77
650.229 1462.6
638.656 1461.25
627.182 1459.72
615.807 1458.02
604.53 1456.13
593.352 1454.06
582.272 1451.82
571.291 1449.39
560.409 1446.79
549.625 1444
538.94 1441.04
528.354 1437.89
517.866 1434.57
507.477 1431.06
497.186 1427.38
486.994 1423.52
476.901 1419.47
466.906 1415.25
457.01 1410.85
447.213 1406.27
437.514 1401.5
427.914 1396.56
418.413 1391.44
409.01 1386.14
399.706 1380.66
390.5 1375
381.409 1369.18
372.447 1363.21
363.616 1357.09
354.914 1350.83
346.342 1344.42
337.9 1337.86
329.588 1331.16
321.406 1324.31
313.354 1317.32
305.432 1310.18
297.639 1302.89
289.977 1295.45
282.444 1287.87
275.041 1280.14
267.768 1272.27
260.625 1264.25
253.612 1256.08
246.729 1247.77
239.975 1239.31
233.352 1230.7
226.858 1221.95
220.494 1213.05
214.26 1204
208.156 1194.81
202.182 1185.47
196.338 1175.99
190.624 1166.36
185.039 1156.58
179.584 1146.65
174.26 1136.58
169.065 1126.36
164 1116
159.078 1105.5
154.312 1094.89
149.703 1084.16
145.25 1073.31
140.953 1062.35
136.812 1051.27
132.828 1040.07
129 1028.75
125.328 1017.32
121.812 1005.77
118.453 994.098
115.25 982.312
112.203 970.41
109.312 958.391
106.578 946.254
104 934
101.578 921.629
99.3125 909.141
97.2031 896.535
95.25 883.812
93.4531 870.973
91.8125 858.016
90.3281 844.941
89 831.75
87.8281 818.441
86.8125 805.016
85.9531 791.473
85.25 777.812
84.7031 764.035
84.3125 750.141
84.0781 736.129
84 722
84.0776 707.748
84.3105 693.617
84.6987 679.607
85.2422 665.719
85.9409 651.951
86.7949 638.305
87.8042 624.779
88.9688 611.375
90.2886 598.092
91.7637 584.93
93.394 571.889
95.1797 558.969
97.1206 546.17
99.2168 533.492
101.468 520.936
103.875 508.5
106.437 496.186
109.154 483.992
112.027 471.92
115.055 459.969
118.238 448.139
121.576 436.43
125.07 424.842
128.719 413.375
132.523 402.029
136.482 390.805
140.597 379.701
144.867 368.719
149.292 357.857
153.873 347.117
158.609 336.498
163.5 326
168.534 315.636
173.697 305.42
178.991 295.351
184.414 285.43
189.967 275.656
195.65 266.029
201.463 256.55
207.406 247.219
213.479 238.035
219.682 228.998
226.014 220.109
232.477 211.367
239.069 202.773
245.791 194.326
252.643 186.027
259.625 177.875
266.737 169.871
273.979 162.014
281.35 154.304
288.852 146.742
296.483 139.328
304.244 132.061
312.135 124.941
320.156 117.969
328.307 111.144
336.588 104.467
344.999 97.937
353.539 91.5547
362.209 85.3198
371.01 79.2324
379.94 73.2925
389 67.5
398.177 61.8706
