68 151
68 150
67 150
66 150
65 150
64 150
63 150
62 150
61 150
61 149
60 149
59 149
58 149
57 149
56 149
56 148
55 148
55 147
54 147
53 147
52 147
51 147
51 146
50 146
49 146
49 145
48 145
47 145
47 144
46 144
45 144
45 143
44 143
43 143
43 142
42 142
41 142
41 141
40 141
39 141
39 140
38 140
38 139
37 139
37 138
36 138
35 138
35 137
34 137
33 137
33 136
32 136
32 135
31 135
31 134
30 134
30 133
29 133
29 132
28 132
28 131
27 131
27 130
26 130
26 129
25 129
25 128
24 128
24 127
23 127
23 126
22 126
22 125
21 125
21 124
20 124
20 123
19 123
19 122
19 121
18 121
18 120
17 120
17 119
16 119
16 118
16 117
15 117
15 116
14 116
14 115
14 114
13 114
13 113
12 113
12 112
12 111
11 111
11 110
11 109
11 108
10 108
10 107
9 107
9 106
9 105
8 105
8 104
8 103
8 102
7 102
7 101
7 100
7 99
7 98
7 97
6 97
6 96
6 95
6 94
6 93
6 92
5 92
5 91
5 90
4 90
4 89
4 88
4 87
4 86
4 85
4 84
4 83
4 82
4 81
4 80
4 79
4 78
4 77
4 76
4 75
4 74
4 73
4 72
4 71
4 70
4 69
4 68
5 68
5 67
5 66
5 65
5 64
5 63
5 62
6 62
6 61
6 60
6 59
6 58
6 57
7 57
7 56
8 56
8 55
8 54
8 53
9 53
9 52
9 51
9 50
10 50
10 49
11 49
11 48
11 47
12 47
12 46
12 45
12 44
13 44
13 43
13 42
14 42
14 41
15 41
15 40
16 40
16 39
16 38
17 38
17 37
18 37
18 36
19 36
19 35
19 34
20 34
20 33
21 33
21 32
22 32
22 31
23 31
23 30
24 30
24 29
25 29
25 28
26 28
26 27
27 27
27 26
28 26
28 25
29 25
29 24
30 24
30 23
31 23
31 22
32 22
32 21
33 21
34 21
34 20
35 20
35 19
36 19
36 18
37 18
37 17
38 17
39 17
40 17
40 16
41 16
41 15
42 15
43 15
43 14
44 14
45 14
45 13
46 13
47 13
48 13
48 12
49 12
50 12
50 11
51 11
52 11
52 10
53 10
54 10
55 10
55 9
56 9
57 9
58 9
59 9
60 9
60 8
61 8
62 8
63 8
64 8
65 8
66 8
66 7
67 7
68 7
68 6
69 6
70 6
71 6
72 6
73 6
74 6
75 6
76 6
77 6
78 6
79 6
80 6
81 6
82 6
83 6
84 6
85 6
86 6
87 6
88 6
89 6
89 7
90 7
91 7
91 8
92 8
93 8
93 7
94 7
94 8
95 8
95 9
96 9
97 9
98 9
99 9
99 10
100 10
101 10
102 10
102 11
103 11
104 11
104 12
105 12
105 13
106 13
107 13
107 14
108 14
108 15
109 15
110 15
111 15
111 16
112 16
112 17
113 17
113 18
114 18
114 19
115 19
115 18
116 18
116 17
117 17
117 16
118 16
118 15
119 15
119 14
120 14
120 13
121 13
121 12
122 12
122 11
123 11
123 10
124 10
125 10
126 10
126 9
127 9
128 9
129 9
130 9
131 9
131 10
132 10
132 11
131 11
131 12
131 13
131 14
131 15
131 16
131 17
131 18
131 19
131 20
131 21
132 21
132 22
132 23
132 24
132 25
132 26
131 26
131 27
131 28
131 29
131 30
131 31
131 32
131 33
132 33
132 34
132 35
132 36
132 37
132 38
132 39
132 40
132 41
132 42
132 43
132 44
132 45
132 46
132 47
132 48
132 49
132 50
132 51
132 52
132 53
132 54
132 55
132 56
133 56
133 57
133 58
134 58
134 59
135 59
136 59
136 60
137 60
137 61
138 61
139 61
140 61
141 61
142 61
143 61
144 61
145 61
146 61
146 62
146 63
146 64
147 64
147 65
147 66
146 66
146 67
145 67
144 67
143 67
142 67
141 67
140 67
139 67
138 67
137 67
136 67
135 67
134 67
133 67
132 67
131 67
130 67
129 67
128 67
127 67
126 67
125 67
124 67
123 67
122 67
121 67
120 67
119 67
118 67
117 67
116 67
115 67
114 67
113 67
112 67
111 67
110 67
109 67
108 67
107 67
106 67
105 67
104 67
103 67
102 67
101 67
100 67
99 67
98 67
97 67
96 67
95 67
94 67
93 67
92 67
91 67
90 67
89 67
88 67
87 67
87 66
87 65
87 64
87 63
87 62
87 61
88 61
89 61
90 61
91 61
92 61
93 61
94 61
95 61
96 61
97 61
98 61
99 61
100 61
101 61
102 61
103 61
104 61
104 60
105 60
106 60
107 60
108 60
109 60
109 59
110 59
110 58
111 58
111 57
112 57
112 56
112 55
113 55
113 54
113 53
113 52
113 51
114 51
114 50
114 49
114 48
114 47
114 46
113 46
113 45
113 44
113 43
113 42
113 41
113 40
113 39
113 38
113 37
113 36
113 35
113 34
113 33
113 32
113 31
113 30
113 29
113 28
113 27
112 27
112 26
111 26
111 25
110 25
110 24
109 24
109 23
108 23
108 22
107 22
107 21
106 21
105 21
104 21
104 20
103 20
103 19
102 19
101 19
101 18
100 18
99 18
99 17
98 17
97 17
97 16
96 16
95 16
95 15
94 15
93 15
92 15
92 14
91 14
90 14
90 13
89 13
88 13
87 13
86 13
85 13
85 12
84 12
83 12
82 12
81 12
80 12
79 12
78 12
77 12
76 12
75 12
74 12
74 13
73 13
72 13
71 13
70 13
70 14
69 14
68 14
67 14
67 15
66 15
65 15
64 15
64 16
63 16
62 16
61 16
61 17
60 17
59 17
59 18
58 18
57 18
57 19
56 19
56 20
55 20
54 20
54 21
53 21
53 22
52 22
52 23
51 23
51 24
50 24
49 24
49 25
48 25
48 26
47 26
47 27
46 27
46 28
45 28
44 28
44 29
43 29
43 30
43 31
43 32
42 32
42 33
41 33
41 34
40 34
40 35
40 36
39 36
39 37
38 37
38 38
37 38
37 39
37 40
36 40
36 41
36 42
35 42
35 43
35 44
34 44
34 45
34 46
33 46
33 47
33 48
32 48
32 49
32 50
32 51
32 52
31 52
31 53
30 53
30 54
30 55
30 56
29 56
29 57
29 58
29 59
29 60
29 61
28 61
28 62
27 62
27 63
28 63
28 64
28 65
28 66
28 67
28 68
27 68
27 69
27 70
26 70
26 71
26 72
26 73
26 74
26 75
26 76
26 77
26 78
26 79
26 80
26 81
26 82
26 83
26 84
26 85
26 86
26 87
26 88
27 88
27 89
28 89
28 90
28 91
28 92
28 93
28 94
28 95
28 96
29 96
29 97
29 98
29 99
29 100
29 101
30 101
30 102
30 103
30 104
30 105
31 105
31 106
32 106
32 107
32 108
32 109
32 110
33 110
33 111
34 111
34 112
34 113
35 113
35 114
35 115
36 115
36 116
36 117
37 117
37 118
37 119
38 119
38 120
39 120
39 121
40 121
40 122
40 123
41 123
41 124
42 124
42 125
43 125
43 126
44 126
44 127
44 128
44 129
45 129
45 130
46 130
46 131
47 131
48 131
48 132
49 132
49 133
50 133
50 134
51 134
52 134
52 135
53 135
53 136
54 136
54 137
55 137
55 138
56 138
57 138
57 139
58 139
59 139
59 140
60 140
61 140
61 141
62 141
63 141
64 141
65 141
65 142
66 142
67 142
67 143
68 143
68 144
69 144
70 144
71 144
72 144
73 144
74 144
74 145
75 145
76 145
77 145
78 145
79 145
80 145
81 145
82 145
83 145
84 145
85 145
85 144
86 144
87 144
88 144
89 144
90 144
90 143
91 143
91 142
92 142
93 142
93 141
94 141
95 141
96 141
97 141
97 140
98 140
98 139
99 139
100 139
101 139
101 138
102 138
102 137
103 137
103 136
104 136
105 136
105 135
106 135
106 134
107 134
107 133
108 133
108 132
109 132
109 131
110 131
110 130
111 130
111 129
112 129
112 128
113 128
113 127
114 127
114 126
114 125
115 125
115 124
116 124
116 123
116 122
117 122
117 121
117 120
118 120
118 119
118 118
119 118
119 117
119 116
120 116
120 115
120 114
121 114
121 113
122 113
122 112
122 111
122 110
123 110
123 109
123 108
123 107
124 107
124 106
124 105
124 104
124 103
124 102
125 102
125 101
126 101
126 100
126 99
126 98
127 98
127 97
128 97
129 97
130 97
131 97
131 98
132 98
132 99
132 100
132 101
132 102
132 103
132 104
132 105
132 106
132 107
132 108
132 109
132 110
132 111
132 112
132 113
132 114
132 115
132 116
132 117
132 118
132 119
132 120
132 121
132 122
132 123
132 124
132 125
132 126
132 127
132 128
132 129
132 130
132 131
132 132
132 133
132 134
132 135
132 136
132 137
132 138
132 139
132 140
132 141
132 142
132 143
132 144
132 145
132 146
132 147
132 148
131 148
130 148
129 148
128 148
127 148
126 148
126 147
126 146
126 145
126 144
125 144
125 143
125 142
125 141
125 140
125 139
125 138
124 138
124 137
124 136
123 136
123 135
123 134
123 133
123 132
123 131
123 130
123 129
123 128
122 128
121 128
121 129
120 129
120 130
120 131
119 131
119 132
118 132
118 133
117 133
117 134
116 134
116 135
115 135
115 136
114 136
114 137
113 137
113 138
112 138
112 139
111 139
111 140
110 140
110 141
109 141
109 142
108 142
107 142
106 142
106 143
105 143
105 144
104 144
104 145
103 145
102 145
102 146
101 146
101 147
100 147
99 147
98 147
97 147
97 148
96 148
95 148
95 149
94 149
94 150
93 150
92 150
91 150
90 150
89 150
89 151
88 151
87 151
86 151
85 151
84 151
83 151
82 151
81 151
80 151
79 151
78 151
77 151
76 151
75 151
74 151
73 151
72 151
71 151
70 151
69 151
