351.234375 123.90625
351.234375 137.21875
346.6071244856 136.91177983539
341.08326903292 136.67271090535
334.90277777778 136.49305555556
328.30561985597 136.36432613169
321.53176440329 136.27803497942
314.82118055556 136.22569444444
308.41383744856 136.19881687243
302.54970421811 136.18891460905
297.46875 136.1875
223.75 137.21875
223.75 123.90625
239.109375 123.90625
253.68676757812 123.62789916992
264.7236328125 122.73706054688
272.71215820312 121.15005493164
278.14453125 118.783203125
281.51293945312 115.55282592773
283.3095703125 111.37524414062
284.02661132812 106.16677856445
284.15625 99.84375
284.15625 66.046875
283.48915822817 56.636500101771
281.58335665581 48.242033253613
278.58205589762 40.805961225321
274.62846656829 34.270770786688
269.86579928252 28.578948707511
264.437264655 23.672981757582
258.48607330043 19.495356706697
252.1554358335 15.988560324649
245.58856286892 13.095079381233
238.92866502137 10.757400646245
232.31895290556 8.9180108894769
225.90263713617 7.5193968807246
219.82292832791 6.5040453897822
214.22303709546 5.8144431864441
209.24617405353 5.3930770405048
205.03554981681 5.1824337217586
201.734375 5.125
197.26295854231 5.210435487933
192.6506880144 5.4719676997599
187.91303168403 5.9174352575231
183.06545781893 6.5546767832647
178.12343468686 7.3915308990269
173.10243055556 8.4358362268519
168.01791369277 9.6954313887817
162.88535236626 11.178155006859
157.72021484375 12.891845703125
152.537969393 14.844342099623
147.35408428176 17.043482818394
142.18402777778 19.497106481481
137.04326814879 22.213051710927
131.94727366255 25.199157128772
126.91151258681 28.46326135706
121.9514531893 32.013203017833
117.08256373778 35.856820733132
112.3203125 40.001953125
107.6801677437 44.456438815479
103.17759773663 49.228116426612
98.828070746528 54.32482458044
94.647055041152 59.754401899005
90.650018888246 65.524687004351
86.852430555556 71.643518518519
83.269758310828 78.11873506355
79.917470421811 84.958175261488
76.81103515625 92.169677734375
73.965920781893 99.761081104252
71.397595566487 107.74022399316
69.121527777778 116.11494502315
67.153185683513 124.89308281625
65.50803755144 134.08247599451
64.201551649306 143.69096317998
63.249196244856 153.72638299468
62.666439605838 164.19657406068
62.46875 175.109375
62.674069241983 186.32492674927
63.27880393586 197.0702175656
64.266119533528 207.35391508746
65.61918148688 217.18468695335
67.321155247813 226.57120080175
69.355206268222 235.52212427114
71.7045 244.046125
74.352201895044 252.15187062682
77.281477405248 259.84802879009
80.475491982507 267.14326712828
83.917411078717 274.04625327988
87.590400145773 280.56565488338
91.477624635569 286.71013957726
95.56225 292.488375
99.827441690962 297.90902879009
104.25636516035 302.98076858601
108.83218586006 307.71226202624
113.53806924198 312.11217674927
118.35718075802 316.18918039359
123.27268586006 319.95194059767
128.26775 323.409125
133.32553862974 326.56940123907
138.42921720117 329.44143695335
143.56195116618 332.03389978134
148.70690597668 334.35545736152
153.84724708455 336.41477733236
158.96613994169 338.22052733236
164.04675 339.781375
169.07224271137 341.10598797376
174.0257835277 342.20303389213
178.89053790087 343.08118039359
183.6496712828 343.74909511662
188.28634912536 344.21544569971
192.78373688047 344.48889978134
197.125 344.578125
203.48598568562 344.37313846339
209.71144515572 343.76410719276
215.79638203018 342.75992369684
221.73579992887 341.36948048443
227.52470247168 339.60167006427
233.15809327846 337.46538494513
238.63097596911 334.96951763578
243.93835416349 332.12296064497
249.07523148148 328.93460648148
254.03661154296 325.41334765407
258.81749796779 321.56807667149
263.41289437586 317.40768604252
267.81780438703 312.94106827592
272.0272316212 308.17711588046
276.03617969822 303.12472136488
279.83965223797 297.79277723797
283.43265286034 292.19017600848
286.81018518519 286.32581018519
289.96725283239 280.20857227684
292.89885942184 273.84735479221
295.60000857339 267.25105024005
298.06570390692 260.42855112915
300.29094904232 253.38874996825
302.27074759945 246.14053926612
304.00010319819 238.69281153152
305.47401945842 231.05445927323
306.6875 223.234375
308.1640625 217.345703125
312.3125 216.0625
317.248046875 217.728515625
317.953125 226.296875
317.953125 347.640625
317.3125 355.96484375
314.375 357.375
311.87109375 356.349609375
308.21875 350.71875
285.703125 307.71875
281.21579864645 313.17985764808
276.6079311266 318.3586276206
271.87576328109 323.24878193059
267.01553595054 327.84404259108
262.02348997557 332.1381316151
256.89586619682 336.12477101567
251.62890545492 339.79768280582
246.21884859047 343.15058899858
240.66193644413 346.17721160696
234.9544098565 348.87127264401
229.09250966823 351.22649412274
223.07247671993 353.23659805618
216.89055185223 354.89530645736
210.54297590576 356.1963413393
204.02598972115 357.13342471504
197.33583413902 357.7002785976
190.46875 357.890625
183.91805517578 357.74643212891
177.40479296875 357.31692578125
170.93563427734 356.60671435547
164.51725 355.62040625
158.15631103516 354.36260986328
151.85948828125 352.83793359375
145.63345263672 351.05098583984
139.484875 349.006375
133.42042626953 346.70870947266
127.44677734375 344.16259765625
121.57059912109 341.37264794922
115.7985625 338.34346875
110.13733837891 335.07966845703
104.59359765625 331.58585546875
99.174011230469 327.86663818359
93.88525 323.926625
88.733984863281 319.77042431641
83.72688671875 315.40264453125
78.870626464844 310.82789404297
74.171875 306.05078125
69.637303222656 301.07591455078
65.27358203125 295.90790234375
61.087382324219 290.55135302734
57.085375 285.010875
53.274230957031 279.29107666016
49.66062109375 273.39656640625
46.251216308594 267.33195263672
43.0526875 261.10184375
40.071705566406 254.71084814453
37.31494140625 248.16357421875
34.789065917969 241.46463037109
32.50075 234.618625
30.456664550781 227.63016650391
28.66348046875 220.50386328125
27.127868652344 213.24432373047
25.8565 205.85615625
24.856045410156 198.34396923828
24.13317578125 190.71237109375
23.694562011719 182.96597021484
23.546875 175.109375
23.691778564453 167.28747753906
24.122392578125 159.570328125
24.832572021484 151.96277246094
25.816171875 144.46965625
27.067047119141 137.09582519531
28.579052734375 129.846125
30.346043701172 122.72540136719
32.361875 115.7385
34.620401611328 108.89026660156
37.115478515625 102.185546875
39.840960693359 95.629186523437
42.790703125 89.22603125
45.958560791016 82.980926757813
49.338388671875 76.89871875
52.924041748047 70.984252929688
56.709375 65.242375
60.688243408203 59.677930664062
64.854501953125 54.295765625
69.202005615234 49.100725585937
73.724609375 44.09765625
78.416168212891 39.291403320313
83.270537109375 34.6868125
88.281571044922 30.288729492187
93.443125 26.102
98.749053955078 22.131469726562
104.19321289063 18.381984375
109.76945678711 14.858389648437
115.471640625 11.56553125
121.29361938477 8.5082548828125
127.22924804688 5.69140625
133.2723815918 3.1198310546875
139.416875 0.79837499999999
145.65658325195 -1.2681162109375
151.98536132813 -3.074796875
158.39706420898 -4.6168212890625
164.885546875 -5.88934375
171.44466430664 -6.8875185546875
178.06827148438 -7.6065
184.75022338867 -8.0414423828125
191.484375 -8.1875
198.78705093629 -8.0335144005699
206.03986553531 -7.5719646855282
213.21404309994 -6.8034614797476
220.28080793303 -5.728615408101
227.21138433747 -4.348037095461
233.97699661612 -2.6623371667006
240.54886907185 -0.67212624669245
246.89822600753 1.6219850396906
252.99629172603 4.2193860675758
258.81429053023 7.1194662120904
264.32344672298 10.321614848361
269.49498460716 13.825221351516
274.30012848565 17.629675096682
278.71010266131 21.734365458986
282.696131437 26.138681813556
286.22943911561 30.842013535518
289.28125 35.84375
293.30484693878 27.274553571429
297.71301020408 19.65625
302.20153061224 13.122767857143
306.46619897959 7.8080357142857
310.20280612245 3.8459821428571
313.10714285714 1.3705357142857
314.875 0.515625
317.375 1.923828125
317.953125 10.234375
317.953125 101.890625
318.13051202624 109.23533163265
318.99722120991 114.76243622449
321.05507470845 118.72257653061
324.8058946793 121.36639030612
330.75150327988 122.94451530612
339.39372266764 123.70758928571
