116 371
116 370
115 370
114 370
113 370
112 370
111 370
110 370
109 370
108 370
108 369
107 369
106 369
105 369
104 369
103 369
103 368
102 368
101 368
100 368
99 368
98 368
98 367
97 367
96 367
95 367
94 367
94 366
93 366
92 366
91 366
91 365
90 365
89 365
88 365
87 365
87 364
86 364
85 364
84 364
84 363
83 363
82 363
82 362
81 362
80 362
79 362
79 361
78 361
77 361
77 360
76 360
75 360
75 359
74 359
73 359
73 358
72 358
71 358
71 357
70 357
69 357
69 356
68 356
67 356
67 355
66 355
65 355
65 354
64 354
63 354
63 353
62 353
62 352
61 352
60 352
60 351
59 351
59 350
58 350
57 350
57 349
56 349
56 348
55 348
55 347
54 347
54 346
53 346
52 346
52 345
51 345
51 344
50 344
50 343
49 343
49 342
48 342
48 341
47 341
47 340
46 340
46 339
45 339
45 338
44 338
44 337
43 337
43 336
42 336
42 335
41 335
41 334
40 334
40 333
39 333
39 332
39 331
38 331
38 330
37 330
37 329
36 329
36 328
36 327
35 327
35 326
34 326
34 325
34 324
33 324
33 323
32 323
32 322
32 321
31 321
31 320
31 319
30 319
30 318
30 317
29 317
29 316
29 315
28 315
28 314
28 313
27 313
27 312
27 311
27 310
26 310
26 309
26 308
25 308
25 307
25 306
25 305
24 305
24 304
24 303
24 302
24 301
23 301
23 300
23 299
23 298
23 297
22 297
22 296
22 295
22 294
22 293
22 292
21 292
21 291
21 290
21 289
21 288
21 287
21 286
21 285
21 284
21 283
21 282
21 281
20 281
20 280
20 279
20 278
20 277
20 276
20 275
20 274
20 273
20 272
21 272
21 271
21 270
21 269
21 268
21 267
21 266
21 265
21 264
21 263
21 262
21 261
22 261
22 260
22 259
22 258
22 257
22 256
23 256
23 255
23 254
23 253
23 252
24 252
24 251
24 250
24 249
25 249
25 248
25 247
25 246
26 246
26 245
26 244
27 244
27 243
27 242
27 241
28 241
28 240
28 239
29 239
29 238
29 237
30 237
30 236
30 235
31 235
31 234
32 234
32 233
32 232
33 232
33 231
34 231
34 230
34 229
35 229
35 228
36 228
36 227
36 226
37 226
37 225
38 225
38 224
39 224
39 223
40 223
40 222
41 222
41 221
42 221
42 220
43 220
43 219
44 219
44 218
45 218
45 217
46 217
46 216
47 216
47 215
48 215
48 214
49 214
49 213
50 213
50 212
51 212
52 212
52 211
53 211
53 210
54 210
54 209
55 209
56 209
56 208
57 208
57 207
58 207
59 207
59 206
60 206
60 205
61 205
62 205
62 204
63 204
64 204
64 203
65 203
66 203
66 202
67 202
68 202
68 201
69 201
70 201
70 200
71 200
71 199
72 199
73 199
74 199
74 198
75 198
76 198
76 197
77 197
78 197
78 196
79 196
80 196
81 196
81 195
82 195
83 195
83 194
84 194
85 194
86 194
86 193
87 193
88 193
89 193
89 192
90 192
91 192
92 192
92 191
93 191
94 191
95 191
95 190
96 190
97 190
98 190
99 190
99 189
100 189
101 189
102 189
102 188
103 188
104 188
105 188
106 188
106 187
107 187
108 187
109 187
110 187
110 186
111 186
112 186
113 186
113 185
114 185
115 185
116 185
117 185
117 184
118 184
119 184
120 184
121 184
121 183
122 183
123 183
124 183
124 182
125 182
126 182
127 182
128 182
128 181
129 181
130 181
131 181
132 181
132 180
133 180
134 180
135 180
135 179
136 179
137 179
138 179
139 179
139 178
140 178
141 178
142 178
142 177
143 177
144 177
145 177
146 177
146 176
147 176
148 176
149 176
150 176
150 175
151 175
152 175
153 175
153 174
154 174
155 174
156 174
157 174
157 173
158 173
159 173
160 173
161 173
161 172
162 172
163 172
164 172
164 171
165 171
166 171
167 171
167 170
168 170
169 170
170 170
170 169
171 169
172 169
172 168
173 168
174 168
175 168
175 167
176 167
177 167
177 166
178 166
179 166
179 165
180 165
181 165
181 164
182 164
183 164
183 163
184 163
185 163
185 162
186 162
186 161
187 161
188 161
188 160
189 160
189 159
190 159
191 159
191 158
192 158
192 157
193 157
193 156
194 156
195 156
195 155
196 155
196 154
197 154
197 153
198 153
198 152
199 152
199 151
200 151
200 150
201 150
201 149
201 148
202 148
202 147
203 147
203 146
204 146
204 145
204 144
205 144
205 143
206 143
206 142
206 141
207 141
207 140
207 139
208 139
208 138
208 137
208 136
209 136
209 135
209 134
210 134
210 133
210 132
210 131
210 130
211 130
211 129
211 128
211 127
211 126
211 125
212 125
212 124
212 123
212 122
212 121
212 120
212 119
212 118
212 117
212 116
212 115
212 114
212 113
212 112
212 111
212 110
212 109
212 108
212 107
212 106
211 106
211 105
211 104
211 103
211 102
210 102
210 101
210 100
210 99
210 98
209 98
209 97
209 96
209 95
208 95
208 94
208 93
207 93
207 92
207 91
206 91
206 90
206 89
205 89
205 88
204 88
204 87
204 86
203 86
203 85
202 85
202 84
201 84
201 83
201 82
200 82
200 81
199 81
199 80
198 80
198 79
197 79
197 78
196 78
196 77
195 77
195 76
194 76
193 76
193 75
192 75
192 74
191 74
191 73
190 73
189 73
189 72
188 72
188 71
187 71
186 71
186 70
185 70
184 70
184 69
183 69
182 69
182 68
181 68
180 68
180 67
179 67
178 67
178 66
177 66
176 66
175 66
175 65
174 65
173 65
173 64
172 64
171 64
170 64
169 64
169 63
168 63
167 63
166 63
166 62
165 62
164 62
163 62
162 62
161 62
161 61
160 61
159 61
158 61
157 61
156 61
155 61
155 60
154 60
153 60
152 60
151 60
150 60
149 60
148 60
147 60
146 60
145 60
144 60
144 59
143 59
142 59
141 59
140 59
139 59
138 59
137 59
136 59
135 59
134 59
133 59
132 59
131 59
130 59
129 59
129 60
128 60
127 60
126 60
125 60
124 60
123 60
122 60
121 60
120 60
119 60
119 61
118 61
117 61
116 61
115 61
114 61
113 61
112 61
112 62
111 62
110 62
109 62
108 62
108 63
107 63
106 63
105 63
104 63
104 64
103 64
102 64
101 64
101 65
100 65
99 65
98 65
98 66
97 66
96 66
95 66
95 67
94 67
93 67
93 68
92 68
91 68
91 69
90 69
89 69
89 70
88 70
87 70
87 71
86 71
85 71
85 72
84 72
83 72
83 73
82 73
82 74
81 74
80 74
80 75
79 75
79 76
78 76
78 77
77 77
76 77
76 78
75 78
75 79
74 79
74 80
73 80
73 81
72 81
72 82
71 82
71 83
70 83
70 84
69 84
69 85
68 85
68 86
67 86
67 87
66 87
66 88
65 88
65 89
64 89
64 90
63 90
63 91
63 92
62 92
62 93
61 93
61 94
60 94
60 95
60 96
59 96
59 97
58 97
58 98
58 99
57 99
57 100
56 100
56 101
56 102
55 102
55 103
54 103
54 104
54 105
53 105
53 106
52 106
52 107
51 107
51 108
51 109
50 109
50 110
49 110
49 111
48 111
48 112
47 112
47 113
46 113
46 114
45 114
45 115
44 115
44 116
43 116
42 116
42 117
41 117
40 117
40 118
39 118
38 118
37 118
37 119
36 119
35 119
34 119
33 119
32 119
31 119
30 119
29 119
28 119
27 119
27 118
26 118
25 118
24 118
24 117
23 117
22 117
22 116
21 116
21 115
20 115
20 114
19 114
19 113
18 113
18 112
17 112
17 111
17 110
16 110
16 109
16 108
15 108
15 107
15 106
15 105
15 104
15 103
14 103
14 102
14 101
14 100
14 99
14 98
14 97
14 96
15 96
15 95
15 94
15 93
15 92
15 91
16 91
16 90
16 89
16 88
16 87
17 87
17 86
17 85
17 84
18 84
18 83
18 82
19 82
19 81
19 80
20 80
20 79
20 78
21 78
21 77
21 76
22 76
22 75
23 75
23 74
23 73
24 73
24 72
25 72
25 71
25 70
26 70
26 69
27 69
27 68
28 68
28 67
28 66
29 66
29 65
30 65
30 64
31 64
31 63
32 63
32 62
33 62
33 61
34 61
34 60
35 60
35 59
36 59
36 58
37 58
37 57
38 57
38 56
39 56
39 55
40 55
40 54
41 54
41 53
42 53
42 52
43 52
43 51
44 51
44 50
45 50
45 49
46 49
47 49
47 48
48 48
48 47
49 47
49 46
50 46
51 46
51 45
52 45
52 44
53 44
54 44
54 43
55 43
56 43
56 42
57 42
57 41
58 41
59 41
59 40
60 40
61 40
61 39
62 39
63 39
63 38
64 38
65 38
65 37
66 37
67 37
68 37
68 36
69 36
70 36
70 35
71 35
72 35
72 34
73 34
74 34
75 34
75 33
76 33
77 33
78 33
78 32
79 32
80 32
81 32
81 31
82 31
83 31
84 31
84 30
85 30
86 30
87 30
88 30
88 29
89 29
90 29
91 29
92 29
92 28
93 28
94 28
95 28
96 28
97 28
97 27
98 27
99 27
100 27
101 27
102 27
102 26
103 26
104 26
105 26
106 26
107 26
108 26
109 26
109 25
110 25
111 25
112 25
113 25
114 25
115 25
116 25
117 25
118 25
119 25
119 24
120 24
121 24
122 24
123 24
124 24
125 24
126 24
127 24
128 24
129 24
130 24
131 24
132 24
133 24
134 24
135 24
136 24
137 24
138 24
139 24
140 24
141 24
142 24
143 24
144 24
145 24
146 24
147 24
148 24
149 24
149 25
150 25
151 25
152 25
153 25
154 25
155 25
156 25
157 25
158 25
159 25
159 26
160 26
161 26
162 26
163 26
164 26
165 26
166 26
166 27
167 27
168 27
169 27
170 27
171 27
171 28
172 28
173 28
174 28
175 28
175 29
176 29
177 29
178 29
179 29
179 30
180 30
181 30
182 30
183 30
183 31
184 31
185 31
186 31
186 32
187 32
188 32
189 32
189 33
190 33
191 33
191 34
192 34
193 34
194 34
194 35
195 35
196 35
196 36
197 36
198 36
198 37
199 37
200 37
200 38
201 38
202 38
203 38
203 39
204 39
204 40
205 40
206 40
206 41
207 41
208 41
208 42
209 42
210 42
210 43
211 43
211 44
212 44
213 44
213 45
214 45
214 46
215 46
216 46
216 47
217 47
217 48
218 48
218 49
219 49
220 49
220 50
221 50
221 51
222 51
222 52
223 52
223 53
224 53
224 54
225 54
225 55
226 55
226 56
227 56
227 57
228 57
228 58
229 58
229 59
230 59
230 60
231 60
231 61
232 61
232 62
232 63
233 63
233 64
234 64
234 65
235 65
235 66
235 67
236 67
236 68
237 68
237 69
238 69
238 70
238 71
239 71
239 72
239 73
240 73
240 74
241 74
241 75
241 76
242 76
242 77
242 78
243 78
243 79
243 80
244 80
244 81
244 82
244 83
245 83
245 84
245 85
246 85
246 86
246 87
246 88
247 88
247 89
247 90
247 91
248 91
248 92
248 93
248 94
248 95
249 95
249 96
249 97
249 98
249 99
250 99
250 100
250 101
250 102
250 103
250 104
250 105
251 105
251 106
251 107
251 108
251 109
251 110
251 111
251 112
251 113
251 114
251 115
251 116
251 117
251 118
251 119
252 119
252 120
252 121
252 122
251 122
251 123
251 124
251 125
251 126
251 127
251 128
251 129
251 130
251 131
251 132
251 133
251 134
251 135
250 135
250 136
250 137
250 138
250 139
250 140
250 141
249 141
249 142
249 143
249 144
249 145
248 145
248 146
248 147
248 148
248 149
247 149
247 150
247 151
247 152
246 152
246 153
246 154
245 154
245 155
245 156
245 157
244 157
244 158
244 159
243 159
243 160
243 161
242 161
242 162
242 163
241 163
241 164
240 164
240 165
240 166
239 166
239 167
239 168
238 168
238 169
237 169
237 170
236 170
236 171
236 172
235 172
235 173
234 173
234 174
233 174
233 175
232 175
232 176
231 176
231 177
230 177
230 178
229 178
229 179
228 179
228 180
227 180
227 181
226 181
226 182
225 182
225 183
224 183
224 184
223 184
223 185
222 185
221 185
221 186
220 186
220 187
219 187
219 188
218 188
217 188
217 189
216 189
216 190
215 190
214 190
214 191
213 191
213 192
212 192
211 192
211 193
210 193
210 194
209 194
208 194
208 195
207 195
206 195
206 196
205 196
204 196
204 197
203 197
202 197
202 198
201 198
200 198
200 199
199 199
198 199
198 200
197 200
196 200
196 201
195 201
194 201
194 202
193 202
192 202
191 202
191 203
190 203
189 203
189 204
188 204
187 204
186 204
186 205
185 205
184 205
183 205
183 206
182 206
181 206
181 207
180 207
179 207
178 207
178 208
177 208
176 208
175 208
175 209
174 209
173 209
172 209
171 209
171 210
170 210
169 210
168 210
168 211
167 211
166 211
165 211
164 211
164 212
163 212
162 212
161 212
161 213
160 213
159 213
158 213
157 213
157 214
156 214
155 214
154 214
154 215
153 215
152 215
151 215
150 215
150 216
149 216
148 216
147 216
146 216
146 217
145 217
144 217
143 217
143 218
142 218
141 218
140 218
139 218
139 219
138 219
137 219
136 219
136 220
135 220
134 220
133 220
132 220
132 221
131 221
130 221
129 221
128 221
128 222
127 222
126 222
125 222
125 223
124 223
123 223
122 223
121 223
121 224
120 224
119 224
118 224
118 225
117 225
116 225
115 225
114 225
114 226
113 226
112 226
111 226
110 226
110 227
109 227
108 227
107 227
107 228
106 228
105 228
104 228
104 229
103 229
102 229
101 229
101 230
100 230
99 230
98 230
98 231
97 231
96 231
96 232
95 232
94 232
93 232
93 233
92 233
91 233
91 234
90 234
89 234
89 235
88 235
88 236
87 236
86 236
86 237
85 237
84 237
84 238
83 238
83 239
82 239
81 239
81 240
80 240
80 241
79 241
79 242
78 242
78 243
77 243
77 244
76 244
76 245
75 245
75 246
74 246
74 247
73 247
73 248
72 248
72 249
71 249
71 250
70 250
70 251
70 252
69 252
69 253
68 253
68 254
68 255
67 255
67 256
66 256
66 257
66 258
65 258
65 259
65 260
65 261
64 261
64 262
64 263
64 264
63 264
63 265
63 266
63 267
62 267
62 268
62 269
62 270
62 271
62 272
62 273
61 273
61 274
61 275
61 276
61 277
61 278
61 279
61 280
61 281
61 282
61 283
61 284
61 285
61 286
62 286
62 287
62 288
62 289
62 290
62 291
62 292
63 292
63 293
63 294
63 295
64 295
64 296
64 297
64 298
65 298
65 299
65 300
65 301
66 301
66 302
66 303
67 303
67 304
67 305
68 305
68 306
68 307
69 307
69 308
70 308
70 309
71 309
71 310
71 311
72 311
72 312
73 312
73 313
74 313
74 314
75 314
75 315
76 315
76 316
77 316
77 317
78 317
78 318
79 318
79 319
80 319
80 320
81 320
81 321
82 321
83 321
83 322
84 322
84 323
85 323
86 323
86 324
87 324
87 325
88 325
89 325
89 326
90 326
91 326
91 327
92 327
93 327
93 328
94 328
95 328
95 329
96 329
97 329
97 330
98 330
99 330
100 330
100 331
101 331
102 331
103 331
103 332
104 332
105 332
106 332
106 333
107 333
108 333
109 333
110 333
110 334
111 334
112 334
113 334
114 334
115 334
116 334
116 335
117 335
118 335
119 335
120 335
121 335
122 335
123 335
124 335
124 336
125 336
126 336
127 336
128 336
129 336
130 336
131 336
132 336
133 336
134 336
135 336
136 336
137 336
138 336
139 336
140 336
141 336
142 336
143 336
143 335
144 335
145 335
146 335
147 335
148 335
149 335
150 335
151 335
151 334
152 334
153 334
154 334
155 334
156 334
156 333
157 333
158 333
159 333
160 333
160 332
161 332
162 332
163 332
163 331
164 331
165 331
166 331
166 330
167 330
168 330
169 330
169 329
170 329
171 329
171 328
172 328
173 328
173 327
174 327
175 327
175 326
176 326
177 326
177 325
178 325
179 325
179 324
180 324
180 323
181 323
182 323
182 322
183 322
183 321
184 321
185 321
185 320
186 320
186 319
187 319
187 318
188 318
189 318
189 317
190 317
190 316
191 316
191 315
192 315
192 314
193 314
193 313
194 313
194 312
195 312
195 311
196 311
196 310
197 310
197 309
198 309
198 308
198 307
199 307
199 306
200 306
200 305
200 304
201 304
201 303
202 303
202 302
202 301
203 301
203 300
204 300
204 299
204 298
205 298
205 297
205 296
206 296
206 295
206 294
206 293
207 293
207 292
207 291
208 291
208 290
208 289
209 289
209 288
209 287
210 287
210 286
210 285
211 285
211 284
211 283
212 283
212 282
213 282
213 281
214 281
214 280
215 280
216 280
216 279
217 279
217 278
218 278
219 278
220 278
220 277
221 277
222 277
223 277
224 277
225 277
225 276
226 276
227 276
228 276
229 276
229 277
230 277
231 277
232 277
233 277
234 277
234 278
235 278
236 278
236 279
237 279
237 280
238 280
238 281
239 281
240 281
240 282
240 283
241 283
241 284
242 284
242 285
242 286
243 286
243 287
243 288
243 289
244 289
244 290
244 291
244 292
244 293
244 294
244 295
244 296
244 297
244 298
244 299
244 300
244 301
244 302
243 302
243 303
243 304
243 305
243 306
243 307
242 307
242 308
242 309
242 310
241 310
241 311
241 312
241 313
240 313
240 314
240 315
239 315
239 316
239 317
238 317
238 318
238 319
237 319
237 320
237 321
236 321
236 322
236 323
235 323
235 324
234 324
234 325
234 326
233 326
233 327
232 327
232 328
232 329
231 329
231 330
230 330
230 331
229 331
229 332
229 333
228 333
228 334
227 334
227 335
226 335
226 336
225 336
225 337
224 337
224 338
223 338
223 339
222 339
222 340
221 340
221 341
220 341
220 342
219 342
219 343
218 343
218 344
217 344
217 345
216 345
215 345
215 346
214 346
214 347
213 347
213 348
212 348
211 348
211 349
210 349
210 350
209 350
209 351
208 351
207 351
207 352
206 352
206 353
205 353
204 353
204 354
203 354
202 354
202 355
201 355
200 355
200 356
199 356
198 356
198 357
197 357
197 358
196 358
195 358
194 358
194 359
193 359
192 359
192 360
191 360
190 360
190 361
189 361
188 361
188 362
187 362
186 362
185 362
185 363
184 363
183 363
182 363
182 364
181 364
180 364
179 364
179 365
178 365
177 365
176 365
176 366
175 366
174 366
173 366
172 366
172 367
171 367
170 367
169 367
168 367
168 368
167 368
166 368
165 368
164 368
164 369
163 369
162 369
161 369
160 369
159 369
158 369
158 370
157 370
156 370
155 370
154 370
153 370
152 370
151 370
150 370
150 371
149 371
148 371
147 371
146 371
145 371
144 371
143 371
142 371
141 371
140 371
139 371
138 371
137 371
136 371
135 371
134 371
133 371
132 371
131 371
130 371
129 371
128 371
127 371
126 371
125 371
124 371
123 371
122 371
121 371
120 371
119 371
118 371
117 371
