279.721 1035.5
280.281 1041.84
281.002 1048.09
281.883 1054.26
282.924 1060.34
284.125 1066.34
285.486 1072.26
287.008 1078.1
288.689 1083.85
290.531 1089.52
292.533 1095.11
294.695 1100.62
297.018 1106.04
299.5 1111.38
302.143 1116.63
304.945 1121.8
307.908 1126.89
311.031 1131.9
314.314 1136.82
317.758 1141.66
321.361 1146.42
325.125 1151.09
329.049 1155.69
333.133 1160.19
337.377 1164.62
341.781 1168.96
346.346 1173.22
351.07 1177.4
355.955 1181.49
361 1185.5
366.178 1189.41
371.461 1193.19
376.85 1196.85
382.344 1200.38
387.943 1203.79
393.648 1207.08
399.459 1210.24
405.375 1213.28
411.396 1216.2
417.523 1218.99
423.756 1221.65
430.094 1224.2
436.537 1226.61
443.086 1228.91
449.74 1231.08
456.5 1233.12
463.365 1235.05
470.336 1236.85
477.412 1238.52
484.594 1240.07
491.881 1241.5
499.273 1242.8
506.771 1243.98
514.375 1245.03
522.084 1245.96
529.898 1246.77
537.818 1247.45
545.844 1248.01
553.975 1248.44
562.211 1248.75
570.553 1248.94
579 1249
592.273 1248.8
605.344 1248.21
618.211 1247.22
630.875 1245.84
643.336 1244.07
655.594 1241.9
667.648 1239.33
679.5 1236.38
691.148 1233.02
702.594 1229.27
713.836 1225.13
724.875 1220.59
735.711 1215.66
746.344 1210.34
756.773 1204.62
767 1198.5
776.934 1192.05
786.484 1185.32
795.652 1178.31
804.438 1171.03
812.84 1163.47
820.859 1155.63
828.496 1147.52
835.75 1139.12
842.621 1130.46
849.109 1121.51
855.215 1112.28
860.938 1102.78
866.277 1093
871.234 1082.95
875.809 1072.61
880 1062
882.648 1055.1
885.594 1048.64
888.836 1042.63
892.375 1037.06
896.211 1031.94
900.344 1027.27
904.773 1023.04
909.5 1019.25
914.523 1015.91
919.844 1013.02
925.461 1010.57
931.375 1008.56
937.586 1007
944.094 1005.89
950.898 1005.22
958 1005
965.805 1005.32
973.219 1006.28
980.242 1007.88
986.875 1010.12
993.117 1013.01
998.969 1016.53
1004.43 1020.7
1009.5 1025.5
1014.07 1030.84
1018.03 1036.59
1021.38 1042.77
1024.12 1049.38
1026.26 1056.4
1027.78 1063.84
1028.7 1071.71
1029 1080
1028.89 1086.26
1028.57 1092.52
1028.03 1098.8
1027.28 1105.09
1026.31 1111.4
1025.13 1117.71
1023.74 1124.04
1022.12 1130.38
1020.3 1136.72
1018.26 1143.09
1016 1149.46
1013.53 1155.84
1010.85 1162.24
1007.95 1168.65
1004.83 1175.07
1001.5 1181.5
997.971 1187.91
994.258 1194.27
990.361 1200.58
986.281 1206.84
982.018 1213.05
977.57 1219.21
972.939 1225.32
968.125 1231.38
963.127 1237.38
957.945 1243.34
952.58 1249.24
947.031 1255.09
941.299 1260.9
935.383 1266.65
929.283 1272.35
923 1278
914.898 1284.9
906.594 1291.59
898.086 1298.09
889.375 1304.38
880.461 1310.46
871.344 1316.34
862.023 1322.02
852.5 1327.5
842.773 1332.77
832.844 1337.84
822.711 1342.71
812.375 1347.38
801.836 1351.84
791.094 1356.09
780.148 1360.15
769 1364
757.695 1367.63
746.281 1371.03
734.758 1374.2
723.125 1377.12
711.383 1379.82
699.531 1382.28
687.57 1384.51
675.5 1386.5
663.32 1388.26
651.031 1389.78
638.633 1391.07
626.125 1392.12
613.508 1392.95
600.781 1393.53
587.945 1393.88
575 1394
557.883 1393.81
541.031 1393.23
524.445 1392.28
508.125 1390.94
492.07 1389.21
476.281 1387.11
460.758 1384.62
445.5 1381.75
430.508 1378.5
415.781 1374.86
401.32 1370.84
387.125 1366.44
373.195 1361.65
359.531 1356.48
346.133 1350.93
333 1345
320.178 1338.72
307.711 1332.15
295.6 1325.27
283.844 1318.09
272.443 1310.62
261.398 1302.84
250.709 1294.76
240.375 1286.38
230.396 1277.69
220.773 1268.71
211.506 1259.43
202.594 1249.84
194.037 1239.96
185.836 1229.77
177.99 1219.29
170.5 1208.5
163.416 1197.45
156.789 1186.18
150.619 1174.69
144.906 1162.97
139.65 1151.03
134.852 1138.87
130.51 1126.48
126.625 1113.88
123.197 1101.04
120.227 1087.99
117.713 1074.72
115.656 1061.22
114.057 1047.5
112.914 1033.55
112.229 1019.39
112 1005
112.08 996.729
112.318 988.543
112.716 980.44
113.273 972.422
113.99 964.487
114.865 956.637
115.9 948.87
117.094 941.188
118.447 933.589
119.959 926.074
121.63 918.644
123.461 911.297
125.451 904.034
127.6 896.855
129.908 889.761
132.375 882.75
135.001 875.823
137.787 868.98
140.732 862.222
143.836 855.547
147.099 848.956
150.521 842.449
154.103 836.026
157.844 829.688
161.744 823.433
165.803 817.262
170.021 811.175
174.398 805.172
178.935 799.253
183.631 793.418
188.486 787.667
193.5 782
198.672 776.42
204.002 770.93
209.489 765.529
215.133 760.219
220.934 754.998
226.893 749.867
233.008 744.826
239.281 739.875
245.711 735.014
252.299 730.242
259.043 725.561
265.945 720.969
273.004 716.467
280.221 712.055
287.594 707.732
295.125 703.5
302.813 699.357
310.658 695.305
318.661 691.342
326.82 687.469
335.137 683.686
343.611 679.992
352.243 676.389
361.031 672.875
369.977 669.451
379.08 666.117
388.34 662.873
397.758 659.719
407.333 656.654
417.064 653.68
426.954 650.795
437 648
671 584
685.264 580.018
699.055 575.82
712.373 571.408
725.219 566.781
737.592 561.939
749.492 556.883
760.92 551.611
771.875 546.125
782.357 540.424
792.367 534.508
801.904 528.377
810.969 522.031
819.561 515.471
827.68 508.695
835.326 501.705
842.5 494.5
849.221 487.068
855.508 479.398
861.361 471.49
866.781 463.344
871.768 454.959
876.32 446.336
880.439 437.475
884.125 428.375
887.377 419.037
890.195 409.461
892.58 399.646
894.531 389.594
896.049 379.303
897.133 368.773
897.783 358.006
898 347
897.854 338.08
897.414 329.32
896.682 320.721
895.656 312.281
894.338 304.002
892.727 295.883
890.822 287.924
888.625 280.125
886.135 272.486
883.352 265.008
880.275 257.689
876.906 250.531
873.244 243.533
869.289 236.695
865.041 230.018
860.5 223.5
855.689 217.154
850.633 210.992
845.33 205.014
839.781 199.219
833.986 193.607
827.945 188.18
821.658 182.936
815.125 177.875
808.346 172.998
801.32 168.305
794.049 163.795
786.531 159.469
778.768 155.326
770.758 151.367
762.502 147.592
754 144
745.266 140.609
736.312 137.438
727.141 134.484
717.75 131.75
708.141 129.234
698.312 126.938
688.266 124.859
678 123
667.516 121.359
656.812 119.938
645.891 118.734
634.75 117.75
623.391 116.984
611.812 116.438
600.016 116.109
588 116
573.762 116.16
559.797 116.641
546.105 117.441
532.688 118.562
519.543 120.004
506.672 121.766
494.074 123.848
481.75 126.25
469.699 128.973
457.922 132.016
446.418 135.379
435.188 139.062
424.23 143.066
413.547 147.391
403.137 152.035
393 157
383.109 162.293
373.438 167.922
363.984 173.887
354.75 180.188
345.734 186.824
336.938 193.797
328.359 201.105
320 208.75
311.859 216.73
303.938 225.047
296.234 233.699
288.75 242.688
281.484 252.012
274.438 261.672
267.609 271.668
261 282
254.312 292.586
247.75 302.344
241.312 311.273
235 319.375
228.812 326.648
222.75 333.094
216.812 338.711
211 343.5
205.141 347.602
199.062 351.156
192.766 354.164
186.25 356.625
179.516 358.539
172.562 359.906
165.391 360.727
158 361
150.422 360.656
143.188 359.625
136.297 357.906
129.75 355.5
123.547 352.406
117.688 348.625
112.172 344.156
107 339
102.312 333.297
98.25 327.188
94.8125 320.672
92 313.75
89.8125 306.422
88.25 298.688
87.3125 290.547
87 282
87.1094 276.361
87.4375 270.695
87.9844 265.002
88.75 259.281
89.7344 253.533
90.9375 247.758
92.3594 241.955
94 236.125
95.8594 230.268
97.9375 224.383
100.234 218.471
102.75 212.531
105.484 206.564
108.438 200.57
111.609 194.549
115 188.5
118.605 182.432
122.422 176.352
126.449 170.26
130.688 164.156
135.137 158.041
139.797 151.914
144.668 145.775
149.75 139.625
155.043 133.463
160.547 127.289
166.262 121.104
172.188 114.906
178.324 108.697
184.672 102.477
191.23 96.2441
198 90
206.018 82.9766
214.32 76.1562
222.908 69.5391
231.781 63.125
240.939 56.9141
250.383 50.9062
260.111 45.1016
270.125 39.5
280.424 34.1016
291.008 28.9062
301.877 23.9141
313.031 19.125
324.471 14.5391
336.195 10.1562
348.205 5.97656
360.5 2
373.01 -1.75391
385.664 -5.26562
398.463 -8.53516
411.406 -11.5625
424.494 -14.3477
437.727 -16.8906
451.104 -19.1914
464.625 -21.25
478.291 -23.0664
492.102 -24.6406
506.057 -25.9727
520.156 -27.0625
534.4 -27.9102
548.789 -28.5156
563.322 -28.8789
578 -29
596.344 -28.8125
614.375 -28.25
632.094 -27.3125
649.5 -26
666.594 -24.3125
683.375 -22.25
699.844 -19.8125
716 -17
731.844 -13.8125
747.375 -10.25
762.594 -6.3125
777.5 -2
792.094 2.6875
806.375 7.75
820.344 13.1875
834 19
847.307 25.1582
860.227 31.6328
872.76 38.4238
884.906 45.5312
896.666 52.9551
908.039 60.6953
919.025 68.752
929.625 77.125
939.838 85.8145
949.664 94.8203
959.104 104.143
968.156 113.781
976.822 123.736
985.102 134.008
992.994 144.596
1000.5 155.5
1007.58 166.689
1014.21 178.133
1020.38 189.83
1026.09 201.781
1031.35 213.986
1036.15 226.445
1040.49 239.158
1044.38 252.125
1047.8 265.346
1050.77 278.82
1053.29 292.549
1055.34 306.531
1056.94 320.768
1058.09 335.258
1058.77 350.002
1059 365
1058.86 376.902
1058.42 388.609
1057.7 400.121
1056.69 411.438
1055.39 422.559
1053.8 433.484
1051.92 444.215
1049.75 454.75
1047.29 465.09
1044.55 475.234
1041.51 485.184
1038.19 494.938
1034.57 504.496
1030.67 513.859
1026.48 523.027
1022 532
1017.21 540.795
1012.11 549.43
1006.68 557.904
1000.94 566.219
994.871 574.373
988.484 582.367
981.777 590.201
974.75 597.875
967.402 605.389
959.734 612.742
951.746 619.936
943.438 626.969
934.809 633.842
925.859 640.555
916.59 647.107
907 653.5
897.078 659.748
886.812 665.867
876.203 671.857
865.25 677.719
853.953 683.451
842.312 689.055
830.328 694.529
818 699.875
805.328 705.092
792.312 710.18
778.953 715.139
765.25 719.969
751.203 724.67
736.812 729.242
722.078 733.686
707 738
476 802
464.178 805.363
452.711 808.953
441.6 812.77
430.844 816.812
420.443 821.082
410.398 825.578
400.709 830.301
391.375 835.25
382.396 840.426
373.773 845.828
365.506 851.457
357.594 857.312
350.037 863.395
342.836 869.703
335.99 876.238
329.5 883
323.385 889.965
317.664 897.109
312.338 904.434
307.406 911.938
302.869 919.621
298.727 927.484
294.979 935.527
291.625 943.75
288.666 952.152
286.102 960.734
283.932 969.496
282.156 978.438
280.775 987.559
279.789 996.859
279.197 1006.34
279 1016
279.08 1022.58
279.32 1029.08
